1 10 20
10 1 20
100 200 125
200 100 125
201 210 89
210 201 89
900 1000 174
1000 900 174
113383 113383 248
1 1 1
1 113382 354
113382 1 354
113384 134378 349
134378 113384 349
134380 138366 344
138366 134380 344
138368 151176 375
151176 138368 375
151178 159486 383
159486 151178 383
159488 161438 370
161438 159488 370
161440 161534 215
161534 161440 215
161536 170074 352
170074 161536 352
170076 184488 365
184488 170076 365
184490 191334 360
191334 184490 360
191336 201568 360
201568 191336 360
201570 204014 342
204014 201570 342
204016 207550 373
207550 204016 373
207552 212648 355
212648 207552 355
212650 213102 311
213102 212650 311
213104 226765 386
226765 213104 386
226767 226766 249
226766 226767 249
226768 239230 443
239230 226768 443
239232 242158 368
242158 239232 368
242160 242302 213
242302 242160 213
242304 245984 337
245984 242304 337
245986 255112 363
255112 245986 363
255114 258206 345
258206 255114 345
258208 268757 407
268757 258208 407
268759 268758 257
268758 268759 257
268760 270270 345
270270 268760 345
270272 276733 363
276733 270272 363
276735 276734 164
276734 276735 164
276736 280574 389
280574 276736 389
280576 284136 358
284136 280576 358
284138 287002 376
287002 284138 376
287004 288614 389
288614 287004 389
288616 290750 345
290750 288616 345
290752 302353 371
302353 290752 371
302355 302354 252
302354 302355 252
302356 306022 340
306022 302356 340
306024 311326 371
311326 306024 371
311328 318973 384
318973 311328 384
318975 318974 185
318974 318975 185
318976 319654 322
319654 318976 322
319656 322877 371
322877 319656 371
322879 322878 234
322878 322879 234
322880 323069 216
323069 322880 216
323071 323070 278
323070 323071 278
323072 340149 384
340149 323072 384
340151 340150 247
340150 340151 247
340152 358344 441
358344 340152 441
358346 358846 348
358846 358346 348
358848 360360 348
360360 358848 348
360362 363238 366
363238 360362 366
363240 363454 211
363454 363240 211
363456 368977 361
368977 363456 361
368979 368978 167
368978 368979 167
368980 376830 423
376830 368980 423
376832 378042 361
378042 376832 361
378044 378848 317
378848 378044 317
378850 382669 379
382669 378850 379
382671 382670 242
382670 382671 242
382672 387310 348
387310 382672 348
387312 388718 330
388718 387312 330
388720 392958 436
392958 388720 436
392960 403137 405
403137 392960 405
403139 403138 255
403138 403139 255
403140 405406 343
405406 403140 343
405408 408029 361
408029 405408 361
408031 408030 281
408030 408031 281
408032 415101 449
415101 408032 449
415103 415102 162
415102 415103 162
415104 419838 387
419838 415104 387
419840 420350 343
420350 419840 343
420352 420862 312
420862 420352 312
420864 425297 418
425297 420864 418
425299 425298 188
425298 425299 188
425300 426205 356
426205 425300 356
426207 426206 250
426206 426207 250
426208 430504 374
430504 426208 374
430506 430760 219
430760 430506 219
430762 431898 325
431898 430762 325
431900 432922 387
432922 431900 387
432924 436126 356
436126 432924 356
436128 437306 387
437306 436128 387
437308 453531 400
453531 437308 400
453533 453532 250
453532 453533 250
453534 453533 250
453533 453534 250
453535 453534 250
453534 453535 250
453536 459034 356
459034 453536 356
459036 459758 307
459758 459036 307
459760 466990 444
466990 459760 444
466992 477792 413
477792 466992 413
477794 478461 351
478461 477794 351
478463 478462 183
478462 478463 183
478464 479482 338
479482 478464 338
479484 480480 351
480480 479484 351
480482 483590 382
483590 480482 382
483592 484317 307
484317 483592 307
484319 484318 232
484318 484319 232
484320 484605 214
484605 484320 214
484607 484606 276
484606 484607 276
484608 485886 320
485886 484608 320
485888 487038 382
487038 485888 382
487040 488166 382
488166 487040 382
488168 491969 351
491969 488168 351
491971 491970 170
491970 491971 170
491972 498686 426
498686 491972 426
498688 502440 426
502440 498688 426
502442 504056 333
504056 502442 333
504058 510225 382
510225 504058 382
510227 510226 245
510226 510227 245
510228 516413 470
516413 510228 470
516415 516414 271
516414 516415 271
516416 516890 289
516890 516416 289
516892 517190 302
517190 516892 302
517192 523944 439
523944 517192 439
523946 524286 271
524286 523946 271
524288 525158 364
525158 524288 364
525160 531182 408
531182 525160 408
531184 537515 377
537515 531184 377
537517 537516 258
537516 537517 258
537518 537517 258
537517 537518 258
537519 538270 346
538270 537519 346
538272 539418 333
539418 538272 333
539420 540541 346
540541 539420 346
540543 540542 408
540542 540543 408
540544 542958 364
542958 540544 364
542960 544040 359
544040 542960 359
544042 544542 302
544542 544042 302
544544 544858 315
544858 544544 315
544860 545182 209
545182 544860 209
545184 552294 452
552294 545184 452
552296 553467 315
553467 552296 315
553469 553468 165
553468 553469 165
553470 553469 165
553469 553470 165
553471 553470 165
553470 553471 165
553472 559784 421
559784 553472 421
559786 561149 359
561149 559786 359
561151 561150 284
561150 561151 284
561152 565246 421
565246 561152 421
565248 566718 359
566718 565248 359
566720 567064 359
567064 566720 359
567066 568273 359
568273 567066 359
568275 568274 253
568274 568275 253
568276 574005 377
574005 568276 377
574007 574006 240
574006 574007 240
574008 574346 315
574346 574008 315
574348 575864 328
575864 574348 328
575866 577229 390
577229 575866 390
577231 577230 390
577230 577231 390
577232 579326 359
579326 577232 359
579328 580966 328
580966 579328 328
580968 581501 328
581501 580968 328
581503 581502 289
581502 581503 289
581504 581882 297
581882 581504 297
581884 583078 328
583078 581884 328
583080 588542 434
588542 583080 434
588544 589438 297
589438 588544 297
589440 604707 403
604707 589440 403
604709 604708 253
604708 604709 253
604710 604709 253
604709 604710 253
604711 604712 67
604712 604711 67
604714 606846 341
606846 604714 341
606848 608110 341
608110 606848 341
608112 612045 359
612045 608112 359
612047 612046 279
612046 612047 279
612048 612966 310
612966 612048 310
612968 620970 447
620970 612968 447
620972 622653 372
622653 620972 372
622655 622654 160
622654 622655 160
622656 623294 310
623294 622656 310
623296 626330 385
626330 623296 385
626332 629758 341
629758 626332 341
629760 630526 341
630526 629760 341
630528 631294 310
631294 630528 310
631296 637056 416
637056 631296 416
637058 637947 354
637947 637058 354
637949 637948 186
637948 637949 186
637950 637949 186
637949 637950 186
637951 639309 354
639309 637951 354
639311 639310 248
639310 639311 248
639312 640640 354
640640 639312 354
640642 645755 416
645755 640642 416
645757 645756 235
645756 645757 235
645758 645757 235
645757 645758 235
645759 645758 235
645758 645759 235
645760 646139 310
646139 645760 310
646141 646140 279
646140 646141 279
646142 646141 279
646141 646142 279
646143 647848 323
647848 646143 323
647850 649384 385
649384 647850 385
649386 650888 341
650888 649386 341
650890 654190 385
654190 650890 385
654192 654570 292
654570 654192 292
654572 654618 248
654618 654572 248
654620 655358 323
655358 654620 323
655360 655960 385
655960 655360 385
655962 656414 354
656414 655962 354
656416 665066 429
665066 656416 429
665068 665214 248
665214 665068 248
665216 666110 398
666110 665216 398
666112 667374 323
667374 666112 323
667376 669920 336
669920 667376 336
669922 680299 385
680299 669922 385
680301 680300 248
680300 680301 248
680302 680301 248
680301 680302 248
680303 680302 248
680302 680303 248
680304 687870 398
687870 680304 398
687872 688552 261
688552 687872 261
688554 689638 336
689638 688554 336
689640 695066 442
695066 689640 442
695068 698592 367
698592 695068 367
698594 699048 274
699048 698594 274
699050 700486 367
700486 699050 367
700488 704510 411
704510 700488 411
704512 704622 243
704622 704512 243
704624 713574 411
713574 704624 411
713576 716688 380
716688 713576 380
716690 716689 261
716689 716690 261
716691 716690 261
716690 716691 261
716692 717693 349
717693 716692 349
717695 717694 181
717694 717695 181
717696 719224 336
719224 717696 336
719226 720721 349
720721 719226 349
720723 720722 411
720722 720723 411
720724 723944 411
723944 720724 411
723946 725386 362
725386 723946 362
725388 726056 305
726056 725388 305
726058 726477 318
726477 726058 318
726479 726478 230
726478 726479 230
726480 726909 349
726909 726480 349
726911 726910 274
726910 726911 274
726912 728830 318
728830 726912 318
728832 730558 380
730558 728832 380
730560 732250 380
732250 730560 380
732252 736392 424
736392 732252 424
736394 736446 287
736446 736394 287
736448 737955 380
737955 736448 380
737957 737956 168
737956 737957 168
737958 737957 168
737957 737958 168
737959 737960 150
737960 737959 150
737962 747290 424
747290 737962 424
747292 748030 362
748030 747292 362
748032 748200 318
748200 748032 318
748202 750830 393
750830 748202 393
750832 753661 424
753661 750832 424
753663 753662 331
753662 753663 331
753664 755624 362
755624 753664 362
755626 756085 362
756085 755626 362
756087 756086 194
756086 756087 194
756088 757697 362
757697 756088 362
757699 757698 256
757698 757699 256
757700 763674 380
763674 757700 380
763676 765339 362
765339 763676 362
765341 765340 243
765340 765341 243
765342 765341 243
765341 765342 243
765343 769640 468
769640 765343 468
769642 774621 393
774621 769642 393
774623 774622 269
774622 774623 269
774624 775336 437
775336 774624 437
775338 775786 300
775786 775338 300
775788 777434 393
777434 775788 393
777436 777437 163
777437 777436 163
777439 777438 181
777438 777439 181
777440 780390 437
780390 777440 437
780392 780734 300
780734 780392 300
780736 781950 362
781950 780736 362
781952 782334 287
782334 781952 287
782336 785917 375
785917 782336 375
785919 785918 261
785918 785919 261
785920 786430 300
786430 785920 300
786432 787738 362
787738 786432 362
787740 788582 406
788582 787740 406
788584 796774 468
796774 788584 468
796776 803870 406
803870 796776 406
803872 806275 375
806275 803872 375
806277 806276 256
806276 806277 256
806278 806277 256
806277 806278 256
806279 806282 75
806282 806279 75
806284 807406 406
807406 806284 406
807408 809128 331
809128 807408 331
809130 810813 406
810813 809130 406
810815 810814 406
810814 810815 406
810816 814438 375
814438 810816 375
814440 815870 357
815870 814440 357
815872 816059 344
816059 815872 344
816061 816060 282
816060 816061 282
816062 816061 282
816061 816062 282
816063 816814 344
816814 816063 344
816816 817288 313
817288 816816 313
817290 817774 344
817774 817290 344
817776 822138 450
822138 817776 450
822140 823782 375
823782 822140 375
823784 824186 251
824186 823784 251
824188 827390 375
827390 824188 375
827392 827960 419
827960 827392 419
827962 828442 282
828442 827962 282
828444 829086 313
829086 828444 313
829088 830203 375
830203 829088 375
830205 830204 163
830204 830205 163
830206 830205 163
830205 830206 163
830207 830206 163
830206 830207 163
830208 833774 419
833774 830208 419
833776 837798 344
837798 833776 344
837800 839677 388
839677 837800 388
839679 839678 163
839678 839679 163
839680 840701 357
840701 839680 357
840703 840702 243
840702 840703 243
840704 841725 344
841725 840704 344
841727 841726 282
841726 841727 282
841728 844646 388
844646 841728 388
844648 847870 419
847870 844648 419
847872 849408 313
849408 847872 313
849410 850078 357
850078 849410 357
850080 850595 357
850595 850080 357
850597 850596 189
850596 850597 189
850598 850597 189
850597 850598 189
850599 851226 357
851226 850599 357
851228 852411 344
852411 851228 344
852413 852412 251
852412 852413 251
852414 852413 251
852413 852414 251
852415 854190 357
854190 852415 357
854192 856730 388
856730 854192 388
856732 859134 370
859134 856732 370
859136 859718 295
859718 859136 295
859720 861008 357
861008 859720 357
861010 861009 238
861009 861010 238
861011 861010 238
861010 861011 238
861012 861520 313
861520 861012 313
861522 861521 282
861521 861522 282
861523 861522 282
861522 861523 282
861524 863797 326
863797 861524 326
863799 863798 344
863798 863799 344
863800 865845 388
865845 863800 388
865847 865846 388
865846 865847 388
865848 868990 357
868990 865848 357
868992 870170 388
870170 868992 388
870172 871450 326
871450 870172 326
871452 872253 432
872253 871452 432
872255 872254 287
872254 872255 287
872256 872760 326
872760 872256 326
872762 872824 295
872824 872762 295
872826 874613 388
874613 872826 388
874615 874614 176
874614 874615 176
874616 874618 158
874618 874616 158
874620 882814 432
882814 874620 432
882816 884158 370
884158 882816 370
884160 886206 370
886206 884160 370
886208 886554 357
886554 886208 357
886556 886952 401
886952 886556 401
886954 889832 401
889832 886954 401
889834 901118 401
901118 889834 401
901120 906174 401
906174 901120 401
906176 907063 370
907063 906176 370
907065 907065 189
907065 907065 189
907067 907067 65
907067 907067 65
907069 907068 251
907068 907069 251
907070 907069 251
907069 907070 251
907071 907070 251
907070 907071 251
907072 907610 326
907610 907072 326
907612 910270 476
910270 907612 476
910272 912166 383
912166 910272 383
912168 917160 401
917160 912168 401
917162 918069 352
918069 917162 352
918071 918070 277
918070 918071 277
918072 919450 339
919450 918072 339
919452 919517 264
919517 919452 264
919519 919518 215
919518 919519 215
919520 920558 432
920558 919520 432
920560 924906 445
924906 920560 445
924908 927002 370
927002 924908 370
927004 927210 308
927210 927004 308
927212 930042 383
930042 927212 383
930044 931456 370
931456 930044 370
931458 931998 277
931998 931458 277
932000 932064 277
932064 932000 277
932066 933981 370
933981 932066 370
933983 933982 158
933982 933983 158
933984 934942 414
934942 933984 414
934944 937598 414
937598 934944 414
937600 939496 445
939496 937600 445
939498 940478 383
940478 939498 383
940480 944638 383
944638 940480 383
944640 945434 352
945434 944640 352
945436 945790 352
945790 945436 352
945792 946942 383
946942 945792 383
946944 951432 414
951432 946944 414
951434 955584 414
955584 951434 414
955586 955585 264
955585 955586 264
955587 955586 264
955586 955587 264
955588 955590 78
955590 955588 78
955592 956923 352
956923 955592 352
956925 956924 184
956924 956925 184
956926 956925 184
956925 956926 184
956927 957210 321
957210 956927 321
957212 957630 352
957630 957212 352
957632 958965 339
958965 957632 339
958967 958966 246
958966 958967 246
958968 960961 352
960961 958968 352
960963 960962 414
960962 960963 414
960964 963822 414
963822 960964 414
963824 967181 383
967181 963824 383
967183 967182 290
967182 967183 290
967184 968635 321
968635 967184 321
968637 968636 233
968636 968637 233
968638 968637 233
968637 968638 233
968639 968638 233
968638 968639 233
968640 969211 352
969211 968640 352
969213 969212 277
969212 969213 277
969214 969213 277
969213 969214 277
969215 971773 458
971773 969215 458
971775 971774 339
971774 971775 339
971776 974077 383
974077 971776 383
974079 974078 383
974078 974079 383
974080 975014 334
975014 974080 334
975016 976333 383
976333 975016 383
976335 976334 290
976334 976335 290
976336 978942 383
978942 976336 383
978944 980382 334
980382 978944 334
980384 981286 427
981286 980384 427
981288 981856 321
981856 981288 321
981858 981928 246
981928 981858 246
981930 983038 383
983038 981930 383
983040 983939 383
983939 983040 383
983941 983940 171
983940 983941 171
983942 983941 171
983941 983942 171
983943 983946 153
983946 983943 153
983948 984622 352
984622 983948 352
984624 991934 427
991934 984624 427
991936 997022 365
997022 991936 365
997024 997373 352
997373 997024 352
997375 997374 140
997374 997375 140
997376 997600 321
997600 997376 321
997602 997822 321
997822 997602 321
997824 999166 396
999166 997824 396
999168 999999 396
999999 999168 396
